  0.0000    1    0.500   1.0000            Go
  0.5000    0    1.500   1.0000          NULL 
  2.0000    2    0.500   1.0000          NoGo
  2.5000    0    1.500   1.0000          NULL 
  4.0000    1    0.500   1.0000            Go
  4.5000    0    1.000   1.0000          NULL 
  5.5000    2    0.500   1.0000          NoGo
  6.0000    0    1.000   1.0000          NULL 
  7.0000    1    0.500   1.0000            Go
  7.5000    0    1.000   1.0000          NULL 
  8.5000    1    0.500   1.0000            Go
  9.0000    0    1.500   1.0000          NULL 
 10.5000    2    0.500   1.0000          NoGo
 11.0000    0    1.500   1.0000          NULL 
 12.5000    1    0.500   1.0000            Go
 13.0000    0    1.500   1.0000          NULL 
 14.5000    1    0.500   1.0000            Go
 15.0000    0    1.000   1.0000          NULL 
 16.0000    1    0.500   1.0000            Go
 16.5000    0    1.000   1.0000          NULL 
 17.5000    1    0.500   1.0000            Go
 18.0000    0    1.000   1.0000          NULL 
 19.0000    1    0.500   1.0000            Go
 19.5000    0    1.000   1.0000          NULL 
 20.5000    1    0.500   1.0000            Go
 21.0000    0    1.000   1.0000          NULL 
 22.0000    1    0.500   1.0000            Go
 22.5000    0    1.500   1.0000          NULL 
 24.0000    1    0.500   1.0000            Go
 24.5000    0    2.500   1.0000          NULL 
 27.0000    1    0.500   1.0000            Go
 27.5000    0    1.000   1.0000          NULL 
 28.5000    1    0.500   1.0000            Go
 29.0000    0    3.000   1.0000          NULL 
 32.0000    2    0.500   1.0000          NoGo
 32.5000    0    1.000   1.0000          NULL 
 33.5000    1    0.500   1.0000            Go
 34.0000    0    1.000   1.0000          NULL 
 35.0000    1    0.500   1.0000            Go
 35.5000    0    1.000   1.0000          NULL 
 36.5000    1    0.500   1.0000            Go
 37.0000    0    1.500   1.0000          NULL 
 38.5000    2    0.500   1.0000          NoGo
 39.0000    0    1.000   1.0000          NULL 
 40.0000    1    0.500   1.0000            Go
 40.5000    0    1.000   1.0000          NULL 
 41.5000    1    0.500   1.0000            Go
 42.0000    0    1.000   1.0000          NULL 
 43.0000    1    0.500   1.0000            Go
 43.5000    0    1.500   1.0000          NULL 
 45.0000    1    0.500   1.0000            Go
 45.5000    0    3.000   1.0000          NULL 
 48.5000    1    0.500   1.0000            Go
 49.0000    0    1.000   1.0000          NULL 
 50.0000    2    0.500   1.0000          NoGo
 50.5000    0    1.500   1.0000          NULL 
 52.0000    2    0.500   1.0000          NoGo
 52.5000    0    1.000   1.0000          NULL 
 53.5000    1    0.500   1.0000            Go
 54.0000    0    1.500   1.0000          NULL 
 55.5000    1    0.500   1.0000            Go
 56.0000    0    1.000   1.0000          NULL 
 57.0000    2    0.500   1.0000          NoGo
 57.5000    0    1.000   1.0000          NULL 
 58.5000    1    0.500   1.0000            Go
 59.0000    0    1.000   1.0000          NULL 
 60.0000    1    0.500   1.0000            Go
 60.5000    0    1.000   1.0000          NULL 
 61.5000    1    0.500   1.0000            Go
 62.0000    0    1.000   1.0000          NULL 
 63.0000    2    0.500   1.0000          NoGo
 63.5000    0    1.000   1.0000          NULL 
 64.5000    1    0.500   1.0000            Go
 65.0000    0    1.000   1.0000          NULL 
 66.0000    1    0.500   1.0000            Go
 66.5000    0    1.500   1.0000          NULL 
 68.0000    1    0.500   1.0000            Go
 68.5000    0    1.500   1.0000          NULL 
 70.0000    1    0.500   1.0000            Go
 70.5000    0    1.000   1.0000          NULL 
 71.5000    1    0.500   1.0000            Go
 72.0000    0    2.500   1.0000          NULL 
 74.5000    1    0.500   1.0000            Go
 75.0000    0    1.500   1.0000          NULL 
 76.5000    1    0.500   1.0000            Go
 77.0000    0    1.000   1.0000          NULL 
 78.0000    1    0.500   1.0000            Go
 78.5000    0    1.000   1.0000          NULL 
 79.5000    2    0.500   1.0000          NoGo
 80.0000    0    2.500   1.0000          NULL 
 82.5000    1    0.500   1.0000            Go
 83.0000    0    1.000   1.0000          NULL 
 84.0000    1    0.500   1.0000            Go
 84.5000    0    1.000   1.0000          NULL 
 85.5000    1    0.500   1.0000            Go
 86.0000    0    1.000   1.0000          NULL 
 87.0000    1    0.500   1.0000            Go
 87.5000    0    1.000   1.0000          NULL 
 88.5000    1    0.500   1.0000            Go
 89.0000    0    1.000   1.0000          NULL 
 90.0000    1    0.500   1.0000            Go
 90.5000    0    1.000   1.0000          NULL 
 91.5000    2    0.500   1.0000          NoGo
 92.0000    0    2.500   1.0000          NULL 
 94.5000    2    0.500   1.0000          NoGo
 95.0000    0    1.000   1.0000          NULL 
 96.0000    1    0.500   1.0000            Go
 96.5000    0    1.500   1.0000          NULL 
 98.0000    1    0.500   1.0000            Go
 98.5000    0    1.000   1.0000          NULL 
 99.5000    1    0.500   1.0000            Go
100.0000    0    1.500   1.0000          NULL 
101.5000    1    0.500   1.0000            Go
102.0000    0    1.000   1.0000          NULL 
103.0000    1    0.500   1.0000            Go
103.5000    0    1.000   1.0000          NULL 
104.5000    1    0.500   1.0000            Go
105.0000    0    1.000   1.0000          NULL 
106.0000    1    0.500   1.0000            Go
106.5000    0    1.000   1.0000          NULL 
107.5000    1    0.500   1.0000            Go
108.0000    0    1.000   1.0000          NULL 
109.0000    2    0.500   1.0000          NoGo
109.5000    0    1.000   1.0000          NULL 
110.5000    1    0.500   1.0000            Go
111.0000    0    1.500   1.0000          NULL 
112.5000    1    0.500   1.0000            Go
113.0000    0    1.000   1.0000          NULL 
114.0000    2    0.500   1.0000          NoGo
114.5000    0    2.000   1.0000          NULL 
116.5000    2    0.500   1.0000          NoGo
117.0000    0    1.500   1.0000          NULL 
118.5000    1    0.500   1.0000            Go
119.0000    0    1.000   1.0000          NULL 
120.0000    1    0.500   1.0000            Go
120.5000    0    2.000   1.0000          NULL 
122.5000    1    0.500   1.0000            Go
123.0000    0    3.000   1.0000          NULL 
126.0000    1    0.500   1.0000            Go
126.5000    0    1.500   1.0000          NULL 
128.0000    1    0.500   1.0000            Go
128.5000    0    1.000   1.0000          NULL 
129.5000    1    0.500   1.0000            Go
130.0000    0    1.000   1.0000          NULL 
131.0000    1    0.500   1.0000            Go
131.5000    0    1.500   1.0000          NULL 
133.0000    1    0.500   1.0000            Go
133.5000    0    2.500   1.0000          NULL 
136.0000    1    0.500   1.0000            Go
136.5000    0    1.000   1.0000          NULL 
137.5000    1    0.500   1.0000            Go
138.0000    0    2.000   1.0000          NULL 
140.0000    1    0.500   1.0000            Go
140.5000    0    1.000   1.0000          NULL 
141.5000    2    0.500   1.0000          NoGo
142.0000    0    1.000   1.0000          NULL 
143.0000    1    0.500   1.0000            Go
143.5000    0    1.500   1.0000          NULL 
145.0000    1    0.500   1.0000            Go
145.5000    0    2.500   1.0000          NULL 
148.0000    1    0.500   1.0000            Go
148.5000    0    1.000   1.0000          NULL 
149.5000    1    0.500   1.0000            Go
150.0000    0    2.500   1.0000          NULL 
152.5000    1    0.500   1.0000            Go
153.0000    0    2.500   1.0000          NULL 
155.5000    1    0.500   1.0000            Go
156.0000    0    1.500   1.0000          NULL 
157.5000    2    0.500   1.0000          NoGo
158.0000    0    1.000   1.0000          NULL 
159.0000    2    0.500   1.0000          NoGo
159.5000    0    1.000   1.0000          NULL 
160.5000    1    0.500   1.0000            Go
161.0000    0    2.000   1.0000          NULL 
163.0000    1    0.500   1.0000            Go
163.5000    0    1.000   1.0000          NULL 
164.5000    1    0.500   1.0000            Go
165.0000    0    1.000   1.0000          NULL 
166.0000    1    0.500   1.0000            Go
166.5000    0    1.000   1.0000          NULL 
167.5000    1    0.500   1.0000            Go
168.0000    0    1.000   1.0000          NULL 
169.0000    1    0.500   1.0000            Go
169.5000    0    1.000   1.0000          NULL 
170.5000    1    0.500   1.0000            Go
171.0000    0    1.500   1.0000          NULL 
172.5000    1    0.500   1.0000            Go
173.0000    0    1.000   1.0000          NULL 
174.0000    1    0.500   1.0000            Go
174.5000    0    2.500   1.0000          NULL 
177.0000    2    0.500   1.0000          NoGo
177.5000    0    1.000   1.0000          NULL 
178.5000    1    0.500   1.0000            Go
179.0000    0    1.000   1.0000          NULL 
180.0000    2    0.500   1.0000          NoGo
180.5000    0    4.000   1.0000          NULL 
184.5000    1    0.500   1.0000            Go
185.0000    0    1.000   1.0000          NULL 
186.0000    1    0.500   1.0000            Go
186.5000    0    1.500   1.0000          NULL 
188.0000    1    0.500   1.0000            Go
188.5000    0    1.000   1.0000          NULL 
189.5000    1    0.500   1.0000            Go
190.0000    0    1.000   1.0000          NULL 
191.0000    1    0.500   1.0000            Go
191.5000    0    1.000   1.0000          NULL 
192.5000    1    0.500   1.0000            Go
193.0000    0    1.000   1.0000          NULL 
194.0000    1    0.500   1.0000            Go
194.5000    0    1.000   1.0000          NULL 
195.5000    1    0.500   1.0000            Go
196.0000    0    1.000   1.0000          NULL 
197.0000    1    0.500   1.0000            Go
197.5000    0    1.500   1.0000          NULL 
199.0000    1    0.500   1.0000            Go
199.5000    0    1.000   1.0000          NULL 
200.5000    1    0.500   1.0000            Go
201.0000    0    1.000   1.0000          NULL 
202.0000    1    0.500   1.0000            Go
202.5000    0    1.000   1.0000          NULL 
203.5000    1    0.500   1.0000            Go
204.0000    0    1.000   1.0000          NULL 
205.0000    1    0.500   1.0000            Go
205.5000    0    2.500   1.0000          NULL 
208.0000    2    0.500   1.0000          NoGo
208.5000    0    1.000   1.0000          NULL 
209.5000    1    0.500   1.0000            Go
210.0000    0    1.000   1.0000          NULL 
211.0000    2    0.500   1.0000          NoGo
211.5000    0    1.500   1.0000          NULL 
213.0000    1    0.500   1.0000            Go
213.5000    0    1.000   1.0000          NULL 
214.5000    1    0.500   1.0000            Go
215.0000    0    1.000   1.0000          NULL 
216.0000    1    0.500   1.0000            Go
216.5000    0    1.000   1.0000          NULL 
217.5000    2    0.500   1.0000          NoGo
218.0000    0    1.000   1.0000          NULL 
219.0000    1    0.500   1.0000            Go
219.5000    0    1.000   1.0000          NULL 
220.5000    1    0.500   1.0000            Go
221.0000    0    1.000   1.0000          NULL 
222.0000    1    0.500   1.0000            Go
222.5000    0    1.000   1.0000          NULL 
223.5000    1    0.500   1.0000            Go
224.0000    0    1.000   1.0000          NULL 
225.0000    1    0.500   1.0000            Go
225.5000    0    1.000   1.0000          NULL 
226.5000    1    0.500   1.0000            Go
227.0000    0    1.000   1.0000          NULL 
228.0000    1    0.500   1.0000            Go
228.5000    0    1.000   1.0000          NULL 
229.5000    1    0.500   1.0000            Go
230.0000    0    1.000   1.0000          NULL 
231.0000    2    0.500   1.0000          NoGo
231.5000    0    2.500   1.0000          NULL 
234.0000    1    0.500   1.0000            Go
234.5000    0    1.000   1.0000          NULL 
235.5000    1    0.500   1.0000            Go
236.0000    0    1.000   1.0000          NULL 
237.0000    1    0.500   1.0000            Go
237.5000    0    1.000   1.0000          NULL 
238.5000    1    0.500   1.0000            Go
239.0000    0    1.000   1.0000          NULL 
240.0000    2    0.500   1.0000          NoGo
240.5000    0    1.000   1.0000          NULL 
241.5000    1    0.500   1.0000            Go
242.0000    0    1.500   1.0000          NULL 
243.5000    2    0.500   1.0000          NoGo
244.0000    0    1.500   1.0000          NULL 
245.5000    2    0.500   1.0000          NoGo
246.0000    0    1.000   1.0000          NULL 
247.0000    1    0.500   1.0000            Go
247.5000    0    1.500   1.0000          NULL 
249.0000    1    0.500   1.0000            Go
249.5000    0    1.500   1.0000          NULL 
251.0000    1    0.500   1.0000            Go
251.5000    0    1.000   1.0000          NULL 
252.5000    1    0.500   1.0000            Go
253.0000    0    1.000   1.0000          NULL 
254.0000    1    0.500   1.0000            Go
254.5000    0    3.500   1.0000          NULL 
258.0000    1    0.500   1.0000            Go
258.5000    0    1.000   1.0000          NULL 
259.5000    1    0.500   1.0000            Go
260.0000    0    1.000   1.0000          NULL 
261.0000    1    0.500   1.0000            Go
261.5000    0    1.000   1.0000          NULL 
262.5000    1    0.500   1.0000            Go
263.0000    0    1.000   1.0000          NULL 
264.0000    1    0.500   1.0000            Go
264.5000    0    1.500   1.0000          NULL 
266.0000    1    0.500   1.0000            Go
266.5000    0    2.000   1.0000          NULL 
268.5000    1    0.500   1.0000            Go
269.0000    0    1.000   1.0000          NULL 
270.0000    1    0.500   1.0000            Go
270.5000    0    1.000   1.0000          NULL 
271.5000    1    0.500   1.0000            Go
272.0000    0    3.000   1.0000          NULL 
